# From Humes et al. 2024
Wavelength          Emissivity
5.00000             0.784513
7.05765             0.784513
7.05765             0.784513
7.05765             0.784513
7.05765             0.784513
7.05765             0.784513
7.05765             0.784513
7.05765             0.784513
7.05765             0.784513
7.05765             0.784513
7.05765             0.784513
7.05765             0.784513
7.393601            0.7849993
7.393601            0.7849993
7.393601            0.7849993
7.393601            0.7849993
7.393601            0.7849993
7.393601            0.7849993
7.59704             0.7881364
7.59704             0.7881364
7.59704             0.7881364
7.59704             0.7881364
7.59704             0.7881364
7.59704             0.7881364
7.59704             0.7881364
7.843384            0.792213
7.843384            0.792213
7.843384            0.792213
7.843384            0.792213
7.843384            0.792213
7.843384            0.792213
7.986367            0.7977881
7.986367            0.7977881
7.986367            0.7977881
7.986367            0.7977881
7.986367            0.7977881
7.986367            0.7977881
7.986367            0.7977881
8.158397            0.8034688
8.158397            0.8034688
8.158397            0.8034688
8.158397            0.8034688
8.158397            0.8034688
8.158397            0.8034688
8.158397            0.8034688
8.158397            0.8034688
8.200892            0.8170753
8.200892            0.8170374
8.200892            0.8170374
8.200892            0.8170374
8.200892            0.8170374
8.200892            0.8170374
8.200892            0.8170374
8.200892            0.8170374
8.279004            0.8302862
8.279004            0.8302862
8.279004            0.8302862
8.279004            0.8302862
8.279004            0.8302862
8.279004            0.8302862
8.279004            0.8302862
8.279004            0.8302862
8.279004            0.8302862
8.279004            0.8302862
8.368406            0.845223
8.368406            0.845223
8.368406            0.845223
8.368406            0.845223
8.368406            0.845223
8.368406            0.845223
8.368406            0.845223
8.368406            0.845223
8.45863             0.8615429
8.45863             0.8615429
8.45863             0.8615429
8.45863             0.8615429
8.45863             0.8615429
8.45863             0.8615429
8.45863             0.8615429
8.534689            0.8749797
8.534689            0.8749797
8.534689            0.8749797
8.534689            0.8749797
8.534689            0.8749797
8.534689            0.8749797
8.534689            0.8749797
8.534689            0.8749797
8.534689            0.8749797
8.534689            0.8749797
8.595043            0.8864959
8.595043            0.8864959
8.595043            0.8864959
8.595043            0.8864959
8.595043            0.8864959
8.595043            0.8864959
8.595043            0.8864959
8.595043            0.8864959
8.733406            0.9002046
8.733406            0.9002046
8.733406            0.9002046
8.733406            0.9002046
8.733406            0.9002046
8.733406            0.9002046
8.733406            0.9002046
8.733406            0.9002046
8.827838            0.909174
8.827838            0.909174
8.827838            0.909174
8.827838            0.909174
8.827838            0.909174
8.827838            0.909174
8.97082             0.9186758
8.97082             0.9186758
8.97082             0.9186758
8.97082             0.9186758
8.97082             0.9186758
8.97082             0.9186758
8.97082             0.9186758
8.97082             0.9186758
8.97082             0.9186758
8.97082             0.9186758
8.97082             0.9186758
9.129507            0.9265159
9.129507            0.9265159
9.129507            0.9265159
9.129507            0.9265159
9.129507            0.9265159
9.129507            0.9265159
9.129507            0.9265159
9.4282              0.9319427
9.4282              0.9319427
9.4282              0.9319427
9.4282              0.9319427
9.4282              0.9319427
9.4282              0.9319427
9.4282              0.9319427
9.4282              0.9319427
9.4282              0.9319427
9.810957            0.9305942
9.814037            0.9305942
9.814037            0.9305942
9.814037            0.9305942
9.814037            0.9305942
9.814037            0.9305942
9.814037            0.9305942
9.814037            0.9305942
9.814037            0.9305942
9.814037            0.9305942
9.814037            0.9305942
9.814037            0.9305942
9.814037            0.9305942
10.24781            0.928194
10.24781            0.928194
10.24781            0.928194
10.24781            0.928194
10.24781            0.928194
10.24781            0.928194
10.24781            0.928194
10.24781            0.928194
10.24781            0.928194
10.24781            0.928194
10.24781            0.928194
10.55512            0.9249746
10.55512            0.9249746
10.55512            0.9249746
10.55512            0.9249746
10.55512            0.9249746
10.55512            0.9249746
10.55512            0.9249746
10.94219            0.9197473
10.94219            0.9197473
10.94219            0.9197473
10.94219            0.9197473
10.94219            0.9197473
10.94219            0.9197473
10.94219            0.9197473
11.24817            0.9141342
11.24817            0.9141342
11.24817            0.9141342
11.24817            0.9141342
11.24817            0.9141342
11.24817            0.9141342
11.24817            0.9141342
11.24817            0.9141342
11.24817            0.9141342
11.24817            0.9141342
11.24817            0.9141342
11.46998            0.9084635
11.46998            0.9084635
11.46998            0.9084635
11.46998            0.9084635
11.46998            0.9084635
11.46998            0.9084635
11.66583            0.9018168
11.66583            0.9018168
11.66583            0.9018168
11.66583            0.9018168
11.66583            0.9018168
11.89287            0.8923595
11.89287            0.8923595
11.89287            0.8923595
11.89287            0.8923595
11.89287            0.8923595
12.053              0.8834611
12.053              0.8834611
12.053              0.8834611
12.053              0.8834611
12.053              0.8834611
12.053              0.8834611
12.053              0.8834611
12.053              0.8834611
12.053              0.8834611
12.26916            0.8748543
12.26916            0.8748543
12.26916            0.8748543
12.26916            0.8748543
12.48728            0.8650377
12.48728            0.8650377
12.48728            0.8650377
12.48728            0.8650377
12.48728            0.8650377
12.48728            0.8650377
12.48728            0.8650377
12.78741            0.8594345
12.78741            0.8594345
12.78741            0.8594345
12.78741            0.8594345
12.78741            0.8594345
12.78741            0.8594345
12.78741            0.8594345
12.78741            0.8594345
12.78741            0.8594345
13.04987            0.8568975
13.04987            0.8568975
13.04987            0.8568975
13.04987            0.8568975
13.04987            0.8568975
13.28513            0.8613204
13.28513            0.8613204
13.28513            0.8613204
13.28513            0.8613204
13.28513            0.8613204
13.60384            0.8686066
13.60384            0.8686066
13.60384            0.8686066
13.60384            0.8686066
13.93969            0.8755434
13.93969            0.8755434
13.93969            0.8755434
13.93969            0.8755434
13.93969            0.8755434
14.22155            0.8802152
14.22155            0.8802152
14.22155            0.8802152
14.22155            0.8802152
14.22155            0.8802152
14.62801            0.8870267
14.62801            0.8870267
14.94323            0.8924073
14.94323            0.8924073
14.94323            0.8924073
14.94323            0.8924073
14.94323            0.8924073
14.94323            0.8924073
14.94323            0.8924073
15.27846            0.9005228
15.27846            0.9005228
15.27846            0.9005228
15.27846            0.9005228
15.27846            0.9005228
15.27846            0.9005228
15.27846            0.9005228
15.61852            0.9084882
15.61852            0.9084882
15.61852            0.9084882
15.61852            0.9084882
15.61852            0.9084882
15.99307            0.9135374
15.99307            0.9135374
15.99307            0.9135374
15.99307            0.9135374
15.99307            0.9135374
15.99307            0.9135374
16.37449            0.9146469
16.37757            0.9146469
16.37757            0.9146469
16.37757            0.9146469
16.37757            0.9146469
16.37757            0.9146469
16.7163             0.9149486
16.7163             0.9149486
16.7163             0.9149486
16.7163             0.9149486
16.7163             0.9149486
16.7163             0.9149486
16.7163             0.9149486
16.7163             0.9149486
17.13416            0.9129094
17.13416            0.9129094
17.13416            0.9129094
17.13416            0.9129094
17.13416            0.9129094
17.13416            0.9129094
17.62623            0.9081898
17.62941            0.9082426
17.62941            0.9082426
17.62941            0.9082426
17.62941            0.9082426
17.62941            0.9082426
17.62941            0.9082426
17.62941            0.9082426
18.01781            0.9053923
18.01781            0.9053923
18.01781            0.9053923
18.01781            0.9053923
18.01781            0.9053923
18.01781            0.9053923
18.01781            0.9053923
18.01781            0.9053923
18.01781            0.9053923
18.01781            0.9053923
18.4251             0.9017707
18.4251             0.9017707
18.4251             0.9017707
18.4251             0.9017707
18.4251             0.9017707
18.4251             0.9017707
18.4251             0.9017707
18.99046            0.8977005
18.99046            0.8977005
18.99046            0.8977005
18.99046            0.8977005
18.99046            0.8977005
19.61371            0.8924255
19.61371            0.8924255
19.61371            0.8924255
19.61371            0.8924255
19.61371            0.8924255
19.61371            0.8924255
19.61371            0.8924255
20.17712            0.8879037
20.17712            0.8879532
20.17712            0.8879532
20.17712            0.8879532
20.17712            0.8879532
20.17712            0.8879532
20.17712            0.8879532
20.64631            0.8851854
20.64631            0.8851854
20.64631            0.8851854
20.64631            0.8851854
20.64631            0.8851854
20.64631            0.8851854
20.64631            0.8851854
21.19104            0.8819939
21.19104            0.8819939
21.19104            0.8819939
21.19104            0.8819939
21.19104            0.8819939
21.83728            0.8791717
21.83728            0.8791239
21.83728            0.8791239
21.83728            0.8791239
21.83728            0.8791239
21.83728            0.8791239
22.36333            0.8743483
22.36333            0.8743483
22.36333            0.8743483
22.36333            0.8743483
22.36333            0.8743483
22.36333            0.8743483
22.96297            0.8728268
22.96297            0.8728268
22.96297            0.8728268
22.96297            0.8728268
22.96297            0.8728268
23.61106            0.8687006
23.61106            0.8687006
23.61106            0.8687006
23.61106            0.8687006
23.61106            0.8687006
23.61106            0.8687006
24.37627            0.8640684
24.37627            0.8640684
24.37627            0.8640684
24.37627            0.8640684
24.37627            0.8640684
24.37627            0.8640684
24.37627            0.8640684
24.37627            0.8640684
25.18068            0.8599571
25.18068            0.8599571
25.18068            0.8599571
25.18068            0.8599571
25.18068            0.8599571
25.18068            0.8599571
26.19182            0.853322
26.19182            0.853322
26.19182            0.853322
26.19182            0.853322
26.19182            0.853322
26.19182            0.853322
26.19182            0.853322
26.89534            0.8508954
26.89534            0.8508954
26.89534            0.8508954
26.89534            0.8508954
26.89534            0.8508954
27.64094            0.8466951
27.64094            0.8466951
27.64094            0.8466951
27.64094            0.8466951
27.64094            0.8466951
27.64094            0.8466951
27.64094            0.8466951
27.64094            0.8466951
28.27559            0.842536
28.27559            0.842536
28.27559            0.842536
28.27559            0.842536
28.27559            0.842536
28.27559            0.842536
28.27559            0.842536
28.27559            0.842536
28.27559            0.842536
28.84033            0.8407853
28.84033            0.8407853
28.84033            0.8407853
28.84033            0.8407853
28.84033            0.8407853
28.84033            0.8407853
28.84033            0.8407853
29.37736            0.8388912
29.37736            0.8388912
29.37736            0.8388912
29.37736            0.8388912
